1 16385
2 16386
100 16484
256 16640
100000 116384
1000000 1024576
10000000 10180224
100000000 101589248
500000000 507888896
65536 81920
1048576 1081344
4194304 4276224
5242880 5341184
8388608 8536064
16777216 17055744
33554432 34095104
67108864 68182016
134217728 136347648
201326592 204513280
268435456 272678912
536870912 545341440
805306368 818003968
250219619 254176355
18470710 18782006
319058640 324104912
255608128 259654976
504966104 512945112
445150145 452187073
39566203 40205179
73085596 74257052
9185148 9348988
476518796 484039052
40767763 41423123
83731792 85067088
282281468 286746108
525052232 533342536
254848068 258886724
11081069 11277677
230403008 234048448
68933352 70039272
504961328 512940336
235184888 238904056
196668223 199789375
55959576 56852504
194043196 197123388
362637061 368363269
514491441 522617905
418006240 424608992
417573062 424167622
530840902 539221318
63059978 64075786
166179322 168808954
112849088 114643136
251501892 255475012
219193280 222666688
315110628 320099556
433585906 440426226
25658131 26075923
339796623 345170575
435332729 442205817
455655720 462856488
438847700 445786324
115680096 117515104
467198569 474579561
530328438 538700662
62689626 63697242
426136640 432862272
41298510 41962062
386496202 392607434
269476418 273736258
447581968 454651664
5385881 5492377
163256766 165845438
193617168 196689168
243866020 247724452
309511840 314402464
82442790 83761702
481493706 489095882
179232188 182066620
175018613 177787509
200244098 203414402
516438254 524597486
11659541 11864341
60181691 61148347
325986802 331139570
395262598 401504902
89460972 90886380
480627579 488213371
519019854 527211854
39128116 39758900
316186068 321191380
252940067 256945955
297629688 302331896
93306968 94789720
313734409 318698761
232919296 236605696
146652382 148978910
487610074 495310554
486659527 494343623
509939732 517992468
141100380 143344988
73633274 74812922
139958056 142178088
220698534 224188326
57807788 58733484
493911246 501710030
422811040 429487520
477373710 484910350
149898028 152273708
198822172 201976092
269663964 273931996
158842960 161357904
435049681 441914577
210729412 214063556
488167574 495876246
277974888 282373992
515964510 524115550
287572178 292118738
524709410 532991522
393509222 399726950
43493620 44189940
473593302 481072598
